 05 04 05 04 05 04 05 04 05 04 05 04 05 04 05 04 05 04 05 04 05 04 05 04 05 04 05 04 05 04
 15 14 15 14 15 14 15 14 15 14 15 14 15 14 15 14 15 14 15 14 15 14 15 14 15 14 15 14 15 14
 07 06 07 06 07 06 07 06 07 06 07 06 07 06 07 06 07 06 07 06 07 06 07 06 07 06 07 06 07 06
 15 14 15 14 15 14 15 14 15 14 15 14 15 14 15 14 15 14 15 14 15 14 15 14 15 14 15 14 15 14
 07 06 07 06 07 06 07 06 07 06 07 06 07 06 07 22 23 06 07 06 07 06 07 06 07 06 07 06 07 06
 15 14 15 14 15 14 15 14 15 14 15 14 15 14 15 08 08 14 15 14 15 14 15 14 15 14 15 14 15 14
 07 06 07 06 07 06 07 22 23 22 23 22 23 22 23 08 08 22 23 22 23 22 23 06 07 06 07 06 07 06
 15 14 15 14 15 14 13 08 08 08 08 08 08 08 a3 08 08 08 08 08 08 08 08 14 15 14 15 14 15 14
 07 06 07 06 07 22 21 08 08 08 08 08 08 08 08 08 08 08 08 08 08 08 08 22 23 06 07 06 07 06
 15 14 15 14 13 08 08 24 25 26 27 28 08 08 08 08 08 08-28-27-26-25-24 08 08 12 15 14 15 14
 07 06 07 06 21 08 08 32 33 34 35 36 08 08 08 08 08 08-36-35-34-33-32 08 08 20 07 06 07 06
 15 14 15 14 13 08 08 40 41 42 43 44 08 08 08 08 08 08-44-43-42-41-40 08 08 12 15 14 15 14
 07 06 07 06 21 08 08 48 49 50 51 52 08 08 08 08 08 08-52-51-50-49-48 08 08 20 07 06 07 06
 15 14 15 14 13 08 08 56 57 58 59 60 a6 08 08 08 08 a7-60-59-58-57-56 08 08 12 15 14 15 14
 07 06 07 06 21 08 08 08 08 08 08 08 08 08 08 08 08 08 08 08 08 08 08 08 08 20 07 06 07 06
 15 14 15 14 13 08 08 08 08 08 08 08 08 08 08 08 08 08 08 a4 08 08 08 08 08 12 15 14 15 14
 07 06 07 06 21 08 08 08 08 08 08 08 08 08 08 08 08 08 08 08 08 08 08 08 08 20 07 06 07 06
 15 14 15 14 13 08 08 08 64 65 66 67 68 69 70 08 08 08 08 08 08 08 08 08 08 12 15 14 15 14
 07 06 07 06 21 08 08 08 72 73 74 75 76 77 78 08 08 08 08 08 a8 08 08 08 08 20 07 06 07 06
 15 14 15 14 13 08 08 08 80 81 82 83 84 85 86 08 08 08 08 08 08 a5 08 08 08 12 15 14 15 14
 07 06 07 06 21 08 08 08 88 89 90 91 92 93 94 08 08 08 08 08 08 08 08 04 05 20 07 06 07 06
 15 14 15 14 13 08 08 08 96 97 98 99 a0 a1 a2 08 08 08 08 08 08 08 08 12 15 14 15 14 15 14
 07 06 07 06 21 04 05 08 08 08 08 a9 08 08 08 08 08 08 08 08 08 04 05 06 07 06 07 06 07 06
 15 14 15 14 15 14 15 08 08 08 08 08 08 08 08 08 08 08 08 08 08 12 15 14 15 14 15 14 15 14
 07 06 07 06 07 06 07 04 05 04 05 04 05 04 05 04 05 04 05 04 05 06 07 06 07 06 07 06 07 06
 15 14 15 14 15 14 15 14 15 14 15 14 15 14 15 14 15 14 15 14 15 14 15 14 15 14 15 14 15 14
 07 06 07 06 07 06 07 06 07 06 07 06 07 06 07 06 07 06 07 06 07 06 07 06 07 06 07 06 07 06
 15 14 15 14 15 14 15 14 15 14 15 14 15 14 15 14 15 14 15 14 15 14 15 14 15 14 15 14 15 14