05 04 05 04 05 04 05 04 05 04 05 04 05 04 05 04 05 04 05 04 05 04 05 04 05 04 05 04 05 04
08 08 08 08 08 08 08 08 08 08 08 08 08 08 08 08 08 08 08 08 08 08 08 08 08 08 08 08 08 08
08 08 08 08 08 08 08 08 08 08 08 08 08 08 08 08 08 08 08 08 08 08 08 08 08 08 08 08 08 08
08 08 08 08 08 08 08 08 08 08 08 08 08 08 08 08 08 08 08 08 08 08 08 08 08 08 08 08 08 08
08 08 08 08 08 08 08 08 08 08 08 08 08 08 08 08 08 08 08 08 08 08 08 08 08 08 08 08 08 08
08 08 08 08 08 08 08 08 08 08 08 08 08 08 08 08 08 08 08 08 08 08 08 08 08 08 08 08 08 08
08 08 08 08 08 08 08 08 08 08 08 08 08 08 08 08 08 08 08 08 08 08 08 08 08 08 08 08 08 08
08 08 08 08 08 08 13 08 08 08 08 08 08 08 08 08 08 08 08 08 08 08 08 08 08 08 08 08 08 08
08 08 08 08 08 08 21 08 08 08 08 08 08 08 08 08 08 08 08 08 08 08 08 08 08 08 08 08 08 08
08 08 08 08 13 08 08 08 08 08 08 08 08 08 08 08 08 08 08 08 08 08 08 08 08 12 08 08 08 08
08 08 08 08 21 08 08 08 08 08 08 08 08 08 08 08 08 08 08 08 08 08 08 08 08 20 08 08 08 08
08 08 08 08 13 08 08 08 08 08 08 08 08 08 08 08 08 08 08 08 08 08 08 08 08 12 08 08 08 08
08 08 08 08 21 08 08 08 08 08 08 08 08 08 08 08 08 08 08 08 08 08 08 08 08 20 08 08 08 08
08 08 08 08 13 08 08 08 08 08 08 08 08 08 08 08 08 08 08 08 08 08 08 08 08 12 08 08 08 08
08 08 08 08 21 08 08 08 08 08 08 08 08 08 08 08 08 08 08 08 08 08 08 08 08 20 08 08 08 08
08 08 08 08 13 08 08 08 08 08 08 08 08 08 08 08 08 08 08 08 08 08 08 08 08 12 08 08 08 08
08 08 08 08 21 08 08 08 08 08 08 08 08 08 08 08 08 08 08 08 08 08 08 08 08 20 08 08 08 08
08 08 08 08 13 08 08 08 08 08 08 08 08 08 08 08 08 08 08 08 08 08 08 08 08 12 08 08 08 08
08 08 08 08 21 08 08 08 08 08 08 08 08 08 08 08 08 08 08 08 08 08 08 08 08 20 08 08 08 08
08 08 08 08 13 08 08 08 08 08 08 08 08 08 08 08 08 08 08 08 08 08 08 08 08 12 08 08 08 08
08 08 08 08 21 08 08 08 08 08 08 08 08 08 08 08 08 08 08 08 08 08 08 04 05 20 08 08 08 08
08 08 08 08 13 08 08 08 08 08 08 08 08 08 08 08 08 08 08 08 08 08 08 12 08 08 08 08 08 08
08 08 08 08 21 04 05 08 08 08 08 08 08 08 08 08 08 08 08 08 08 04 05 08 08 08 08 08 08 08
08 08 08 08 08 08 08 08 08 08 08 08 08 08 08 08 08 08 08 08 08 12 08 08 08 08 08 08 08 08
08 08 08 08 08 08 08 04 05 04 05 04 05 04 05 04 05 04 05 04 05 08 08 08 08 08 08 08 08 08
08 08 08 08 08 08 08 08 08 08 08 08 08 08 08 08 08 08 08 08 08 08 08 08 08 08 08 08 08 08
08 08 08 08 08 08 08 08 08 08 08 08 08 08 08 08 08 08 08 08 08 08 08 08 08 08 08 08 08 08
08 08 08 08 08 08 08 08 08 08 08 08 08 08 08 08 08 08 08 08 08 08 08 08 08 08 08 08 08 08